1
0
2
0
3
228
4
114
5
67.6
6
44.7
7
31.63
8
23.707
9
18.307
10
14.6102
11
11.9103
12
9.889554
13
8.339514
14
7.125588
15
6.1571
16
5.372200
17
4.727818
18
4.191938
19
3.7412838
20
3.358440
21
3.030854
22
2.7485471
23
2.503610
24
2.2897260
25
2.1018540
26
1.9360410
27
1.7889960
28
1.6579300
29
1.54059290
30
1.435184
31
1.3401270
32
1.254073
33
1.17595600
34
1.104780
35
1.039756
36
0.9802670
37
0.925567
38
0.875273
39
0.828852
40
0.7859579
41
0.746211
42
0.70931715
43
0.675030
44
0.6430994
45
0.6132937
46
0.5854639
47
0.55942178
48
0.5350147
49
0.5121251
50
0.4906115
51
0.4703700
52
0.4513018
53
0.4333245
54
0.4163508
55
0.4002960
56
0.38512464
57
0.3707426
58
0.3570974
59
0.3441452
60
0.33185689
61
0.3201648
62
0.30904506
63
0.2984505
64
0.2883573
65
0.2787242
66
0.2695370
67
0.2607608
68
0.25237359
69
0.24434486
70
0.2366586
71
0.2293014
72
0.2222303
73
0.2155002
74
0.20901314
75
0.2027840
76
0.1967970
77
0.1910499
78
0.1855138
79
0.18019780
80
0.1750706
81
0.1701386
82
0.16537816
83
0.1607903
84
0.156362
85
0.152102
86
0.147982
87
0.143992
88
0.140132
89
0.136419
90
0.13282021
91
0.1293302
92
0.12595977
93
0.1226882
94
0.1195140
95
0.1164463
96
0.1134635
97
0.1105745
98
0.1077793
99
0.1050554
100
0.102386
