1,H

2,He

3,Li
228()
4,Be
114()
5,B
67.6()
6,C
44.7()
7,N
31.63()
8,O
23.707()
9,F
18.307()
10,Ne,14.6006(93),14.6020(93)
14.6102(44),14.6102(44),14.4522(74),14.4522(74)
11,Na,11.8994(59),11.9013(59)
11.9103(13),11.9103(13),11.5752(30),11.5752(30)
12,Mg,9.8840(39),9.8860(39)
9.889554(88),9.89153(10),9.5211(30),9.5211(30)
13,Al,8.3349(26),8.3372(27),7.9412(49)
8.339514(58),8.341831(58),7.9601(30),7.9601(30)
14,Si,7.1208(19),7.1269(19),6.7317(26)
7.125588(78),7.12801(14),6.7531(15),6.7531(15)
15,P,6.1539(14),6.1587(14),5.7914(27),5.7834(16)
6.1571(15),6.1601(15),5.7961(30),5.7961(30)
16,S,5.3701(10),5.3742(10),5.0246(15),5.0202(12)
5.372200(78),5.374960(89),5.03168(30)
17,Cl,4.72560(77),4.72993(80),4.40038(77),4.39810(99)
4.727818(71),4.730693(71),4.40347(44),4.40347(44)
18,Ar,4.19162(60),4.19448(62),3.88486(70),3.88506(71)
4.191938(23),4.194939(23),3.88606(30),3.88606(30)
19,K,3.74055(48),3.74352(50),3.45216(58),3.45189(69)
3.7412838(56),3.7443932(68),3.45395(30),3.45395(30)
20,Ca,3.35911(38),3.36223(39),3.08827(45),3.08855(45)
3.358440(44),3.361710(44),3.08975(30),3.08975(30),36.331(30),36.331(30),35.941(30)
21,Sc,3.03129(31),3.03479(33),2.77809(49),2.77919(50),30.947(46),30.587(47)
3.030854(14),3.0344010(63),2.77964(30),2.77964(30),31.350(44),31.350(44),31.020(30)
22,Ti,2.74886(26),2.75272(27),2.51262(45),2.51445(43),27.215(37),26.843(37)
2.7485471(57),2.7521950(57),2.513960(30),2.513960(30),27.420(30),27.420(30),27.050(30)
23,V,2.50383(21),2.50798(23),2.28332(40),2.28567(37),24.143(30),23.764(30)
2.503610(30),2.507430(30),2.284446(30),2.284446(30),24.250(44),24.250(44),23.880(59)
24,Cr,2.29012(18),2.29428(19),2.08478(35),2.08702(32),21.640(24),21.490(11),21.276(24)
2.2897260(30),2.2936510(30),2.0848810(40),2.0848810(40),21.640(44),21.640(44),21.270(15)
25,Mn,2.10210(15),2.10635(16),1.90960(31),1.91175(28),19.390(20),19.359(21),19.036(20)
2.1018540(30),2.1058220(30),1.9102160(40),1.9102160(40),19.450(15),19.450(15),19.110(30)
26,Fe,1.93631(13),1.94043(14),1.75617(27),1.75784(25),17.525(17),17.503(17),17.194(17)
1.9360410(30),1.9399730(30),1.7566040(40),1.7566040(40),17.590(30),17.590(30),17.260(15)
27,Co,1.78919(11),1.79321(12),1.62039(24),1.62166(22),15.922(14),15.905(15),15.610(14)
1.7889960(10),1.7928350(10),1.6208260(30),1.6208260(30),15.9722(89),15.9722(89),15.666(12)
28,Ni,1.658049(96),1.66199(10),1.49964(21),1.50059(19),14.532(12),14.520(12),14.236(12)
1.6579300(10),1.6617560(10),1.5001520(30),1.5001520(30),14.5612(44),14.5612(44),14.2712(89)
29,Cu,1.540538(85),1.544324(93),1.39201(18),1.39246(17),13.341(10),13.336(11),13.063(10)
1.54059290(50),1.54442740(50),1.3922340(60),1.3922340(60),13.3362(44),13.3362(44),13.0532(44)
30,Zn,1.435151(74),1.438963(84),1.29506(16),1.29544(17),12.2529(90),12.2489(90),11.9819(93)
1.435184(12),1.439029(12),1.295276(30),1.295276(30),1.283739(30),1.283739(30),12.2542(44),12.2542(44),11.9832(44)
31,Ga,1.340095(65),1.343987(72),1.20774(14),1.20821(13),1.195547(25),11.2916(77),11.2858(78),11.0226(78)
1.3401270(96),1.3440260(40),1.207930(34),1.208390(75),1.196018(30),1.196018(30),11.2922(15),11.2922(15),11.0232(30)
32,Ge,1.254054(58),1.257998(65),1.12877(13),1.12924(13),1.116387(37),10.4371(68),10.4306(68),10.1717(69)
1.254073(13),1.258030(13),1.128957(30),1.12938(13),1.116877(30),1.116877(30),10.4363(12),10.4363(12),10.1752(15)
33,As,1.175932(52),1.179921(57),1.05724(11),1.05774(11),1.044699(56),1.044836(20),9.6744(60),9.6680(60),9.4126(59)
1.17595600(90),1.179959(17),1.057368(33),1.057898(76),1.045016(44),1.045016(44),9.6710(12),9.6710(12),9.4142(12)
34,Se,1.104778(47),1.108801(52),0.992152(95),0.992646(96),0.979618(57),0.979716(26),8.9914(52),8.9852(52),8.7335(52)
1.104780(12),1.108830(31),0.992189(53),0.992689(79),0.979935(74),0.979935(74),8.99013(74),8.99013(74),8.73593(74)
35,Br,1.039785(42),1.043841(47),0.932768(84),0.933275(87),0.920344(49),0.920390(28),8.3776(46),8.3715(46),8.1233(46)
1.039756(30),1.043836(30),0.932804(30),0.933284(74),0.920474(30),0.920474(30),8.37473(74),8.37473(74),8.12522(74)
36,Kr,0.980267(38),0.984347(42),0.878495(75),0.878967(81),0.866209(36),0.866169(35),7.8242(41),7.8180(41),7.5736(40)
0.9802670(40),0.9843590(44),0.8785220(50),0.8790110(70),0.86611(15),0.86611(15),7.82032(13),7.82032(13),7.574441(98)
37,Rb,0.925597(35),0.929713(39),0.828681(67),0.829174(71),0.816459(33),0.816408(33),7.3226(37),7.3164(36),7.0749(36)
0.925567(13),0.929704(15),0.828692(30),0.829222(44),0.816462(44),0.816462(44),7.32521(44),7.31841(30),7.07601(44)
38,Sr,0.875298(32),0.879444(36),0.782911(58),0.783413(63),0.770774(33),0.770718(20),6.8674(33),6.8610(32),6.6224(33)
0.875273(15),0.879443(15),0.782932(30),0.783462(44),0.770822(44),0.770822(44),6.86980(44),6.86290(30),6.62400(44)
39,Y,0.828875(29),0.833059(32),0.740716(53),0.741232(58),0.728801(27),0.728663(21),6.4539(30),6.4466(29),6.2110(29)
0.828852(15),0.833063(15),0.740731(30),0.741271(44),0.728651(59),0.728651(59),6.45590(44),6.44890(30),6.21209(44)
40,Zr,0.785960(27),0.790181(30),0.701766(48),0.702296(53),0.690079(28),0.689895(21),6.0766(27),6.0684(26),5.8357(26)
0.7859579(27),0.7901790(25),0.7018008(30),0.7023554(30),0.689940(59),0.689940(59),6.0766(27),6.070250(79),5.836214(76),5.58638(44)*
41,Nb,0.746189(25),0.750448(28),0.665721(44),0.666266(49),0.654328(31),0.654078(22),5.7326(24),5.7226(23),5.4931(23)
0.746211(15),0.750451(15),0.665770(30),0.666350(44),0.654170(59),0.654170(59),5.73199(44),5.72439(30),5.49238(44),5.23798(44)*
42,Mo,0.709328(22),0.713612(25),0.632345(38),0.632900(44),0.621162(35),0.620941(21),5.4151(22),5.4054(21),5.1778(21),4.91857(74)
0.70931715(41),0.713607(12),0.632303(13),0.632887(13),0.620999(30),0.620999(30),5.41445(12),5.40663(12),5.17716(12),4.92327(30)*
43,Tc,0.675017(21),0.679318(24),0.601318(35),0.601881(40),0.590423(40),0.590231(22),5.1228(20),5.1139(19),4.8880(19),4.6341(13)
0.675030(44),0.679330(44),0.601309(59),0.601889(59),0.590249(74),0.590249(74),5.11488(44),4.8874(12)
44,Ru,0.643088(20),0.647415(22),0.572478(32),0.573053(37),0.561748(44),0.561587(22),4.8541(18),4.8449(17),4.6210(17),4.3681(13)
0.6430994(61),0.6474205(61),0.5724966(42),0.5730816(42),0.561668(44),0.561668(44),4.85388(10),4.845823(74),4.620649(44),4.37187(30)*
45,Rh,0.613305(18),0.617652(21),0.545606(29),0.546191(34),0.535110(48),0.534977(22),4.6055(16),4.5966(16),4.3744(16),4.1277(12)
0.6132937(61),0.6176458(61),0.5456189(42),0.5462139(42),0.535038(30),0.535038(30),4.60552(13),4.59750(13),4.374206(59),4.13106(30)*
46,Pd,0.585459(18),0.589822(20),0.520514(27),0.521117(29),0.510283(46),0.510177(51),4.3753(15),4.3672(15),4.1461(14),3.9088(10)
0.5854639(46),0.5898351(60),0.5205333(41),0.5211363(41),0.5102357(59),0.5102357(59),4.37595(10),4.367736(74),4.146282(74),3.908929(59)*
47,Ag,0.559420(17),0.563804(18),0.497069(25),0.497673(29),0.487060(55),0.487019(38),4.1623(14),4.1541(13),3.9347(13),3.7034(10)
0.55942178(76),0.5638131(26),0.4970817(60),0.4976977(60),0.4870393(59),0.4870393(59),4.163002(74),4.154492(44),3.934789(44),3.703406(44)*
48,Cd,0.535020(15),0.539426(18),0.475124(23),0.475739(27),0.465335(62),0.465346(28),3.9644(13),3.9560(12),3.7382(12),3.51355(97)
0.5350147(46),0.5394358(46),0.4751181(71),0.4757401(71),0.465335(10),0.465335(10),3.965020(89),3.956409(59),3.738286(59),3.514133(59)*
49,In,0.512124(15),0.516551(17),0.454552(22),0.455178(25),0.445014(58),0.445011(27),3.7802(12),3.7716(11),3.5553(11),3.33796(83)
0.5121251(46),0.5165572(60),0.4545616(41),0.4551966(41),0.445007(15),0.445007(15),3.780787(89),3.771977(59),3.555363(59),3.338430(44)*
50,Sn,0.490612(14),0.495060(16),0.435241(20),0.435878(24),0.426120(12),0.425928(26),3.6084(11),3.5997(10),3.38472(100),3.17475(77)
0.4906115(46),0.4950646(46),0.4352421(51),0.4358821(51),0.425921(12),0.425921(12),3.606964(59),3.599994(44),3.384921(44),3.175098(44)*
51,Sb,0.470373(13),0.474840(15),0.417089(19),0.417736(22),0.408017(57),0.408004(25),3.44794(99),3.43913(93),3.22551(92),3.02325(67)
0.4703700(45),0.4748391(45),0.4170966(31),0.4177477(41),0.4079791(74),0.4079791(74),3.448452(89),3.439462(59),3.225718(59),3.023395(44)*
52,Te,0.451310(13),0.455795(14),0.400008(18),0.400664(21),0.391161(56),0.391135(27),3.29788(92),3.28894(86),3.07663(85),2.88209(61)
0.4513018(44),0.4557908(44),0.4000010(44),0.4006650(59),0.3911079(89),0.3911079(89),3.29851(13),3.289249(89),3.076816(89),2.88221(12)*
53,I,0.433330(12),0.437834(13),0.383910(17),0.384576(20),0.375286(54),0.375234(29),3.15734(85),3.14828(81),2.93720(78),2.75031(54)
0.4333245(74),0.437836(10),0.3839108(59),0.3845698(59),0.375236(30),0.375236(30),3.157957(89),3.148647(89),2.937484(89),2.75057(12)*
54,Xe,0.416358(40),0.420879(42),0.368730(38),0.369407(40),0.360326(72),0.36034(12),3.02568(78),3.01640(76),2.80659(69),2.62740(47)
0.4163508(14),0.42088103(71),0.3687346(13),0.3694051(13),0.360265(44),0.360265(44),3.025940(22),3.016582(15),2.806553(19)
55,Cs,0.400310(11),0.404848(13),0.354385(16),0.355067(17),0.346197(49),0.346102(37),2.90167(73),2.89237(69),2.68362(66),2.51216(47)
0.4002960(59),0.4048411(59),0.354369(10),0.3550553(59),0.346115(30),0.346115(30),2.90204(30),2.89244(30),2.68374(30),2.51184(30)*
56,Ba,0.385129(11),0.389684(12),0.340826(15),0.341517(16),0.33285(14),0.332728(12),2.78522(68),2.77580(64),2.56812(61),2.40421(26)
0.38512464(84),0.38968378(74),0.34082708(75),0.3415228(11),0.332775(15),0.332775(15),2.785572(74),2.775992(74),2.568249(74),2.404386(89)*
57,La,0.370748(10),0.375320(11),0.327993(14),0.328692(16),0.32023(13),0.320101(11),2.67563(64),2.66607(60),2.45941(57),2.30307(24)
0.3707426(30),0.3753186(30),0.3279879(44),0.3286909(59),0.320122(10),0.320122(10),2.675383(60),2.665740(74),2.458947(74),2.303312(98)*
58,Ce,0.3570964(97),0.361685(11),0.315795(14),0.316507(15),0.30827(12),0.308131(10),2.57122(59),2.56108(56),2.35598(53),2.20843(21)
0.3570974(30),0.3616884(30),0.3158207(30),0.3165248(59),0.308165(15),0.308165(15),2.57059(18),2.56163(17),2.35580(18),2.20900(17)*
59,Pr,0.3441494(94),0.348755(10),0.304249(13),0.304970(14),0.29694(11),0.2967952(99),2.47329(55),2.46280(52),2.25890(49),2.11936(20)
0.3441452(30),0.3487542(30),0.3042656(59),0.3049796(74),0.296794(30),0.296794(30),2.47294(44),2.46304(30),2.25883(44),2.11943(59)*
60,Nd,0.3318514(91),0.336473(10),0.293290(13),0.294021(13),0.28619(10),0.2860408(94),2.38081(51),2.36999(48),2.16724(45),2.03554(18)
0.33185689(62),0.33647921(73),0.2933086(40),0.2940366(40),0.28610(15),0.28610(15),2.38079(52),2.370526(16),2.167008(19),2.035448(88)*
61,Pm,0.3201607(88),0.3247982(98),0.282880(12),0.283620(13),0.275992(98),0.2758335(91),2.29340(48),2.28227(45),2.08060(42),1.95675(18)
0.3201648(59),0.3248079(59),0.282904(44),0.283634(59),0.27590(15),0.27590(15),2.29263(59),2.28223(44),2.07973(59),1.95593(89)*
62,Sm,0.3090384(84),0.3136913(94),0.272984(12),0.273732(12),0.266459(91),0.2661277(87),2.21054(48),2.19926(42),1.99850(42),1.88225(17)
0.30904506(46),0.31369830(79),0.273014(30),0.273764(30),0.26620(15),0.26620(15),2.210430(24),2.199873(13),1.998432(30),1.882206(41)*
63,Eu,0.2984457(81),0.3031139(91),0.263567(11),0.264322(12),0.257069(85),0.2569028(81),2.13214(42),2.12081(40),1.92080(37),1.81237(16)
0.2984505(30),0.3031225(30),0.2635810(74),0.2643360(74),0.256927(12),0.256927(12),2.13156(17),2.120673(95),1.92053(17),1.81215(17)*
64,Gd,0.2883568(79),0.2930400(89),0.254610(11),0.255371(11),0.248289(23),0.2481186(76),2.05817(40),2.04670(37),1.84744(34),1.74582(14)
0.2883573(30),0.2930424(30),0.254604(30),0.255344(30),0.248164(44),0.248164(44),2.05783(30),2.04683(30),1.84683(30),1.74553(30)*
65,Tb,0.2787234(76),0.2834212(86),0.246054(11),0.246818(11),0.239916(21),0.2397496(75),1.98699(37),1.97586(35),1.77701(32),1.68377(14)
0.2787242(30),0.2834273(30),0.246084(30),0.246834(30),0.23970(30),0.23970(30),1.98753(30),1.97653(30),1.77683(44),1.68303(30)*
66,Dy,0.2695341(74),0.2742462(84),0.237902(10),0.238671(10),0.231955(12),0.2318190(53),1.91986(35),1.90883(33),1.71052(30),1.62497(12)
0.2695370(30),0.2742511(30),0.237884(30),0.238624(30),0.23170(30),0.23170(30),1.919939(44),1.908839(44),1.71065(10),1.62371(10)*
67,Ho,0.2607589(72),0.2654851(81),0.230122(10),0.230896(10),0.224320(18),0.2241536(66),1.85606(33),1.84511(31),1.64732(28),1.56818(11)
0.2607608(42),0.26549088(84),0.230124(30),0.230834(30),0.22410(30),0.22410(30),1.856472(15),1.845092(17),1.647484(32),1.567168(50)*
68,Er,0.2523659(71),0.2571059(79),0.2226875(98),0.2234662(97),0.217046(16),0.2168806(64),1.79537(31),1.78449(29),1.58720(26),1.51486(10)
0.25237359(62),0.2571133(11),0.22269866(72),0.2234766(14),0.21670(30),0.21670(30),1.795701(45),1.784481(20),1.587466(86),1.51401(13)*
69,Tm,0.2443415(68),0.2490952(77),0.2155833(95),0.2163665(94),0.210099(15),0.2099331(62),1.73758(29),1.72677(27),1.52995(24),1.464210(95)
0.24434486(44),0.24910095(61),0.21559182(57),0.216366(30),0.20980(30),0.20980(30),1.738003(19),1.7267720(70),1.5302410(70),1.46402(30)*
70,Yb,0.2366603(67),0.2414274(75),0.2087863(95),0.2095741(93),0.203456(14),0.2032912(59),1.68248(29),1.67177(26),1.47538(24),1.416041(89)
0.2366586(30),0.2414276(30),0.208843(30),0.20960(15),0.20330(30),0.20330(30),1.682875(74),1.671915(59),1.475672(74),1.415521(74)*
71,Lu,0.2293053(65),0.2340857(73),0.2022872(90),0.2030802(88),0.197101(13),0.1969329(58),1.63031(26),1.61949(24),1.42361(21),1.370061(85)
0.2293014(30),0.2340845(30),0.202313(44),0.203093(59),0.19690(30),0.19690(30),1.630314(74),1.619534(44),1.423611(44),1.370141(44)
72,Hf,0.2222572(64),0.2270507(72),0.1960622(88),0.1968603(86),0.191017(13),0.1908468(56),1.58049(25),1.56959(23),1.37419(20),1.326241(78)
0.2222303(44),0.2270274(44),0.196073(44),0.196863(59),0.19080(30),0.19080(30),1.580484(74),1.569604(74),1.374121(74),1.326410(74)
73,Ta,0.2154977(63),0.2203039(70),0.1900954(86),0.1908986(83),0.185143(12),0.1849702(54),1.53290(23),1.52194(22),1.32697(19),1.282314(74)
0.2155002(59),0.2203083(59),0.1900919(59),0.1908929(30),0.185191(13),0.185014(12),1.532953(30),1.521993(30),1.327000(44),1.284559(30)
74,W,0.2090134(61),0.2138327(69),0.1843751(83),0.1851834(81),0.179595(12),0.1794215(52),1.48748(22),1.47642(21),1.28188(18),1.244447(70)
0.20901314(18),0.21383304(50),0.1843768(30),0.18518317(70),0.179603(15),0.179424(10),1.487452(30),1.4763112(95),1.281812(13),1.2443048(98)
75,Re,0.2027835(60),0.2076150(67),0.1788824(81),0.1796955(79),0.174234(11),0.1740571(51),1.44399(21),1.43288(19),1.23872(17),1.206487(67)
0.2027840(30),0.2076141(15),0.1788827(44),0.1796997(44),0.174253(15),0.1740566(89),1.443982(74),1.432922(59),1.238599(30),1.206618(59)
76,Os,0.1968007(59),0.2016443(66),0.1736101(79),0.1744279(77),0.169085(11),0.1689066(50),1.40238(20),1.39121(18),1.19742(16),1.170095(62)
0.1967970(30),0.2016420(30),0.1736136(44),0.1744336(44),0.169103(15),0.1689085(89),1.402361(74),1.391231(74),1.197288(74),1.16981(12)
77,Ir,0.1910492(57),0.1959045(65),0.1685444(77),0.1693667(75),0.164150(11),0.1639697(51),1.36252(19),1.35130(19),1.15786(15),1.135812(72)
0.1910499(30),0.1959069(30),0.1685445(30),0.1693695(30),0.164152(15),0.163958(10),1.362520(74),1.351300(44),1.157827(44),1.135337(44)
78,Pt,0.1855187(55),0.1903859(61),0.1636756(74),0.1645026(72),0.1593872(99),0.1592048(46),1.32434(18),1.31308(17),1.11995(14),1.102006(63)
0.1855138(59),0.1903839(59),0.1636775(44),0.1645035(44),0.159392(15),0.159202(15),1.324340(30),1.313060(44),1.119917(30),1.102017(44)
79,Au,0.1801914(57),0.1850702(64),0.1589887(75),0.1598202(73),0.1548206(99),0.1546363(48),1.28773(17),1.27643(16),1.08359(13),1.070479(53)
0.18019780(47),0.18507664(61),0.15899527(77),0.1598249(13),0.154832(30),0.154620(13),1.287739(44),1.276419(44),1.083546(44),1.070236(44)
80,Hg,0.1750720(54),0.1799628(61),0.1544857(72),0.1553217(69),0.1504204(94),0.1502334(46),1.25261(16),1.24126(15),1.04869(13),1.039584(51)
0.1750706(44),0.1799607(44),0.1544893(44),0.1553233(44),0.150402(30),0.150202(30),1.25266(10),1.241219(74),1.048696(74),1.03977(10)
81,Tl,0.1701355(53),0.1750380(60),0.1501462(70),0.1509866(68),0.1461874(92),0.1459989(77),1.21890(15),1.20750(14),1.01519(12),1.01029(20)
0.1701386(30),0.1750386(30),0.1501443(74),0.1509823(89),0.146142(15),0.145952(15),1.218768(44),1.207408(59),1.015145(59),1.010325(44)
82,Pb,0.1653781(53),0.1702924(59),0.1459663(68),0.1468107(67),0.1421118(88),0.1419201(75),1.18651(15),1.17507(14),0.98298(11),0.98221(19)
0.16537816(38),0.17029527(56),0.14596836(58),0.1468129(10),0.142122(30),0.141912(15),1.186498(74),1.175028(30),0.982925(44),0.98222(10)
83,Bi,209,0.1607911(52),0.1657170(58),0.1419372(66),0.1427865(65),0.1381841(87),0.1379910(72),1.15540(14),1.14390(13),0.95205(11),0.95526(18)
0.1607903(46),0.1657183(20),0.1419492(54),0.142780(11),0.138172(15),0.137972(15),1.155377(15),1.143877(30),0.951992(13),0.955194(59)
84,Po,209,0.1563656(51),0.1613031(58),0.1380520(65),0.1389056(63),0.1343966(85),0.1342012(69),1.12549(13),1.11393(12),0.92228(10),0.92932(18)
0.156362(15),0.161302(15),0.138072(30),0.138922(30),0.134382(30),0.134182(30),1.125497(74),1.113877(59),0.92201(30),0.929384(74)
85,At,210,0.1520953(50),0.1570444(56),0.1343044(63),0.1351623(62),0.1307448(83),0.1305470(67),1.09670(13),1.08510(12),0.893639(96),0.90444(17)
0.152102(30),0.157052(30),0.134322(59),0.135172(59),0.130722(59),0.130522(59),1.096726(74),1.085016(74),0.89350(13)
86,Rn,222,0.1479727(49),0.1529334(56),0.1306882(61),0.1315499(61),0.1272218(79),0.1270211(66),1.06900(12),1.05735(11),0.866054(91),0.88055(15)
0.147982(44),0.152942(44),0.130692(74),0.131552(74),0.127192(74),0.126982(74),1.069006(74),1.057246(74),0.86606(13)
87,Fr,223,0.1439878(50),0.1489599(56),0.1271937(61),0.1280599(60),0.1238183(79),0.1236157(63),1.04232(11),1.03063(11),0.839482(86),0.85751(15)
0.143992(44),0.148962(44),0.127192(74),0.128072(74),0.123792(74),0.123582(74),1.042316(74),1.030505(74),0.83941(13),0.8580(30)
88,Ra,226,0.1401373(48),0.1451209(54),0.1238185(59),0.1246890(58),0.1205312(77),0.1203271(60),1.01662(11),1.00489(10),0.813866(82),0.83533(16)
0.140132(19),0.145119(20),0.123815(15),0.124689(15),0.120535(14),0.120320(14),1.016575(74),1.004745(74),0.813762(74),0.835383(74)
89,Ac,227,0.1364131(47),0.1414083(54),0.1205554(58),0.1214301(57),0.1173552(73),0.1171477(59),0.99185(11),0.980070(98),0.789163(78),0.81406(14)
0.136419(12),0.141412(30),0.120552(30),0.121432(30),0.117322(30),0.117112(30),0.991795(74),0.979945(74),0.78904(13)
90,Th,232,0.1328194(47),0.1378266(53),0.1174071(56),0.1182861(56),0.1142910(71),0.1140810(57),0.96798(10),0.956154(94),0.765343(75),0.79354(13)
0.13282021(36),0.13782600(31),0.11740759(59),0.11828686(78),0.114262(15),0.114042(13),0.9679082(23),0.9560826(15),0.7652610(14),0.7935516(15)
91,Pa,231,0.1293324(46),0.1343514(52),0.1143530(55),0.1152364(55),0.1113088(69),0.1110964(56),0.944896(96),0.933002(90),0.742301(71),0.77321(12)
0.1293302(27),0.1343516(29),0.1143583(21),0.1152427(21),0.111292(30),0.111072(30),0.944834(74),0.932854(74),0.742331(74),0.77371(15)
92,u,238,0.1259572(46),0.1309879(52),0.1113979(54),0.1122860(53),0.1084449(67),0.1082301(54),0.922622(93),0.910674(86),0.720056(68),0.75462(12)
0.12595977(36),0.13099111(78),0.11140132(65),0.11228858(66),0.108372(15),0.108182(15),0.922572(13),0.910653(13),0.719995(12),0.754692(13)
93,Np,237,0.1226871(45),0.1277298(51),0.1085378(53),0.1094299(52),0.1056621(66),0.1054450(53),0.901230(88),0.889223(83),0.698624(65),0.73623(11)
0.1226882(36),0.1277287(39),0.1085265(28),0.1094230(39),0.105670(31),0.105457(31),0.901059(13),0.889141(13),0.698488(13),0.736241(13)
94,Pu,244,0.1195212(45),0.1245763(50),0.1057661(52),0.1066627(51),0.1029688(64),0.1027494(52),0.880355(85),0.868290(79),0.677776(60),0.71848(11)
0.1195140(23),0.1245705(25),0.1057595(18),0.1066611(18),0.1029724(26),0.1027429(26)
95,Am,243,0.1164501(45),0.1215172(50),0.1030805(51),0.1039811(51),0.1003579(63),0.1001364(51),0.860288(84),0.848190(81),0.657686(59),0.70134(10)
0.1164463(33),0.1215158(24),0.1030803(17),0.1039794(17),0.1003537(24),0.1001357(24)
96,Cm,248,0.1134742(44),0.1185536(49),0.1004790(50),0.1013837(50),0.0978295(63),0.0976059(50),0.840918(80),0.828776(78),0.638265(56),0.684815(98)
0.1134635(21),0.1185427(23),0.1004708(16),0.1013753(17),0.0978355(23),0.0975952(15)
97,Bk,249,0.1105860(43),0.1156777(49),0.0979546(49),0.0988636(48),0.0953724(61),0.0951469(49),0.822159(76),0.809987(69),0.619449(53),0.668638(94)
0.1105745(49),0.1156630(54),0.0979514(54),0.0988598(55),0.0942501(50)
98,Cf,250,0.1077832(43),0.1128873(48),0.0955000(48),0.0964130(47),0.0929867(61),0.0927593(48),0.803608(73),0.791421(66),0.601005(50),0.652873(89)
0.1077793(75),0.1128799(82),0.0954860(90),0.0963915(83),0.0929715(82),0.0927508(84)
99,Es,251,0.1050620(43),0.1101788(47),0.0931231(47),0.0940403(46),0.0906838(60),0.0904543(47),0.786043(70),0.773837(63),0.583354(49),0.638227(82)
0.1050554(89),0.1102072(98),0.093090(14),0.094036(14)
100,Fm,254,0.1024201(42),0.1075497(47),0.0908165(46),0.0917379(45),0.0884443(59),0.0882127(45),0.769077(67),0.756843(60),0.566272(47),0.623826(82)
0.102386(13),0.107514(14),0.0907943(98),0.091715(10),0.0884212(100),0.0881872(99),0.76904(62),0.75674(60)
